function out = readLoc
out = [...
10.512346 3.466955 9.006616 ;...
13.242645 4.280358 14.675757 ;...
12.418589 6.286052 22.721924 ;...
13.598760 5.229711 19.622804 ;...
13.568058 5.229711 19.622804 ;...
13.537888 5.229711 19.622804 ;...
13.508315 5.229711 19.622804 ;...
13.479378 5.229711 19.622804 ;...
13.450420 5.229711 19.622804 ;...
13.345976 7.607621 29.644342 ;...
13.500197 7.803792 32.248338 ;...
13.354279 10.248983 42.939018 ;...
13.500197 10.442337 45.593042 ;...
13.354279 12.925516 56.404386 ;...
13.700372 10.538259 47.007521 ;...
13.669945 10.538259 47.007521 ;...
13.640058 10.538259 47.007521 ;...
13.608179 10.538259 47.007521 ;...
13.576901 10.538259 47.007521 ;...
13.545771 10.538259 47.007521 ;...
13.731515 12.682360 55.887526 ;...
1.016192 12.058634 55.442021 ;...
6.263918 15.094210 64.436498 ;...
6.263918 18.208480 70.198939 ;...
6.263918 20.848498 78.618094 ;...
6.263918 23.887747 84.333007 ;...
6.263918 22.065907 78.853015 ;...
6.237774 22.065907 78.853015 ;...
6.211166 22.065907 78.853015 ;...
6.183471 22.065907 78.853015 ;...
6.155114 22.065907 78.853015 ;...
6.126730 22.065907 78.853015 ;...
6.154098 26.480108 89.543387 ;...
6.168298 28.571946 93.679254 ;...
6.157243 32.868572 105.963003 ;...
6.155032 35.245287 110.401650 ;...
6.155032 38.531472 119.557291 ;...
6.155032 36.849296 111.296948 ;...
6.128369 36.849296 111.296948 ;...
6.101609 36.849296 111.296948 ;...
6.073750 36.849296 111.296948 ;...
6.046859 36.849296 111.296948 ;...
6.019815 36.849296 111.296948 ;...
6.046273 40.863016 123.894104 ;...
6.060599 43.054591 127.680881 ;...
6.049203 47.179478 140.858302 ;...
6.046924 49.530293 145.484328 ;...
6.046924 52.526113 153.189673 ;...
6.046924 51.113294 146.241709 ;...
6.021072 51.113294 146.241709 ...
];